set1_score: 0.200000
conf_int: 0.000
Duration: -1.000000
